data is from ./dataset/planb_mono/*png
matrix: 
1.941744149172527841e+03 0.000000000000000000e+00 1.001277092233711301e+03
0.000000000000000000e+00 1.948362349671970151e+03 5.838983107654267997e+02
0.000000000000000000e+00 0.000000000000000000e+00 1.000000000000000000e+00
distortion coefficients: 
-6.062217705521340955e-02 4.197719191994670612e-02 0.000000000000000000e+00 0.000000000000000000e+00 0.000000000000000000e+00
rotation vectors: 
1.625670831526733473e-01 1.947488742522723582e-01 1.594578820556417975e+00
2.328133289328503663e-01 -2.265057219669961153e-01 1.526811278532510974e+00
2.624986801074520870e-01 2.820303921737889463e-01 1.543993935392435457e+00
-2.166949371896765564e-01 -1.919747483559189893e-01 1.549230631470841058e+00
1.651667271561219801e-03 1.912396344687156829e-02 1.557150171696319418e+00
-1.127330426195895371e-03 1.452427328189581299e-02 1.568933100007192882e+00
2.373144588583199488e-01 -2.310757619961613940e-01 1.522766217013096224e+00
2.392645024585844937e-01 -2.234232196225858780e-01 1.558637756369603666e+00
-2.553034708811681153e-01 -2.325360031292860175e-01 1.548342082052904134e+00
2.336663601008377444e-01 2.728021475709217492e-01 1.598062101116203726e+00
2.360943403630840209e-01 -2.326672701769698648e-01 1.508741541779959672e+00
-1.956490604839745129e-01 1.977891459076873693e-01 1.561856612622212648e+00
-2.271653688146003103e-01 -2.085430406715125529e-01 1.548169977787068552e+00
-1.992864362404291323e-01 2.182811864047038974e-01 1.530717327976347075e+00
-2.544156148594605912e-03 1.028363529109096487e-02 1.577215668340129717e+00
translation vectors: 
-4.212903733629164371e+00 -4.198056820737511075e+00 2.148996805920890196e+01
2.170612308131535606e+00 -3.771486695325075633e+00 2.007783456590740201e+01
7.149829002447631865e+00 -4.384023245281954750e+00 2.045553556712275878e+01
8.145185593899601173e+00 -4.555638537976694380e+00 2.247480207188359813e+01
7.754826378273418364e+00 -5.015310549404041751e+00 2.328518020524217391e+01
2.436135541665180870e+00 -4.452942214992740233e+00 2.335193767622457628e+01
7.545305518185823068e+00 -4.291471160237157356e+00 1.998118007683529385e+01
-4.126762839952264450e+00 -3.505964154975812264e+00 2.003501014284949733e+01
-3.961448686231804572e+00 -4.133944966802698850e+00 2.241432219501206191e+01
2.197211205390621647e+00 -4.795346386719342213e+00 2.075439347065128004e+01
7.607642080109067173e+00 -3.788347198951887318e+00 1.997540044279875104e+01
-4.237634102423197824e+00 -4.516420879050897952e+00 2.285432463715073226e+01
2.686835419903538025e+00 -4.478171509359889058e+00 2.233658114486625479e+01
2.474711381968402790e+00 -4.743473053277248219e+00 2.280459399683650190e+01
-4.323959002351786651e+00 -4.299381083088080757e+00 2.336546970730319828e+01
rms: 1.129271 
