1.162907505999999955e+02 3.989667089999999661e+01
1.167732319999999930e+02 4.002798190000000034e+01
1.162311552999999975e+02 4.013730720000000218e+01
1.162408149000000037e+02 4.013634009999999819e+01
1.166203660000000042e+02 2.676107239999999976e+01
1.162177647999999976e+02 4.014279239999999760e+01
1.162365613000000053e+02 4.010831430000000353e+01
1.163343399000000034e+02 3.999329709999999949e+01
1.166741721000000069e+02 3.998905239999999850e+01
1.161639128000000056e+02 4.017432879999999784e+01
1.160936159000000032e+02 3.959446659999999696e+01
1.165945181000000019e+02 2.671829839999999834e+01
1.163713448999999969e+02 3.995078970000000140e+01
1.161608023999999943e+02 4.009756689999999679e+01
1.161895248000000009e+02 4.005063979999999901e+01
1.161945343000000008e+02 4.007571529999999882e+01
1.163342727999999937e+02 3.999353200000000186e+01
1.163344972999999953e+02 3.999353339999999690e+01
1.162045583000000022e+02 4.010675049999999686e+01
1.168345381999999972e+02 2.681728019999999901e+01
1.162581962000000004e+02 4.011142900000000111e+01
1.163349843999999962e+02 3.999303940000000068e+01
1.161709577999999965e+02 4.007074159999999807e+01
1.163341676000000007e+02 3.999352180000000345e+01
1.162210381999999953e+02 4.010204170000000090e+01
1.163343370000000050e+02 3.999363110000000177e+01
1.162311392999999953e+02 4.009707579999999894e+01
1.163342006000000026e+02 3.999357390000000123e+01
1.163343999154070474e+02 3.999455946902646986e+01
1.163351646566392077e+02 3.999494241923956395e+01
1.163522732302565004e+02 4.001973671050565429e+01
1.166081774000000024e+02 4.033618340000000302e+01
1.163343999154070474e+02 3.999455946902646986e+01
1.185093419226730163e+02 3.135997327316438898e+01
1.163343999154070474e+02 3.999455946902646986e+01
1.163351646566392077e+02 3.999494241923956395e+01
1.163351646566392077e+02 3.999494241923956395e+01
1.163351646566392077e+02 3.999494241923956395e+01
1.161537912999999946e+02 4.009256450000000171e+01
1.163343999154070474e+02 3.999455946902646986e+01
1.161205151000000058e+02 3.985977650000000239e+01
1.163135230999999976e+02 4.041295749999999742e+01
1.184929578174000540e+02 3.140572258896705904e+01
1.163343999154070474e+02 3.999455946902646986e+01
1.184671795181971845e+02 3.137526494168042390e+01
1.162749023536909760e+02 4.004556684466946592e+01
1.131387002856576061e+02 2.940558645001167548e+01
1.163343999154070474e+02 3.999455946902646986e+01
1.163343999154070474e+02 3.999455946902646986e+01
1.162508061762293892e+02 4.009808041048818694e+01
1.163343999154070616e+02 3.999455946902646986e+01
1.097573107999999991e+02 2.445319369999999992e+01
1.163343999154070474e+02 3.999455946902646986e+01
1.164392344000000037e+02 3.990296399999999721e+01
1.130976782304745143e+02 2.931978681117100649e+01
1.163341534999999993e+02 3.999355280000000334e+01
1.163351261458513335e+02 3.999275643319278828e+01
1.103148078736994222e+02 3.480308377138628373e+01
1.163351646566392077e+02 3.999494241923956395e+01
1.166624084999999980e+02 3.991580139999999943e+01
1.163351646566392077e+02 3.999494241923956395e+01
1.131498875124099897e+02 2.935646023899485968e+01
1.162042927352509025e+02 4.007462906562048488e+01
1.168669874018442698e+02 4.047959809200379055e+01
1.163175415000000044e+02 4.001008029999999849e+01
1.166561236999999949e+02 4.003633030000000304e+01
1.185086357590123072e+02 3.136829979070539665e+01
1.163345373938825560e+02 3.999324360711950277e+01
1.162308680999999950e+02 4.010032319999999828e+01
1.163343999154070616e+02 3.999455946902646986e+01
1.105224723999999981e+02 3.489154820000000257e+01
1.163343999154070474e+02 3.999455946902646986e+01
1.162208775000000003e+02 4.010192390000000273e+01
1.164226095022475675e+02 3.983363681218959584e+01
1.163343999154070474e+02 3.999455946902646986e+01
1.168350290536907750e+02 4.035733896139416998e+01
1.163343999154070474e+02 3.999455946902646986e+01
1.131264131631287171e+02 2.939135378151691569e+01
1.162046143000000029e+02 3.986987169999999736e+01
1.163333828740183975e+02 3.999454989148483719e+01
1.164176060849080869e+02 4.035116688940689045e+01
1.131813454703711130e+02 2.934831729304498182e+01
1.126139854018052233e+02 3.772106333927263222e+01
1.163459888000000007e+02 3.986134349999999671e+01
1.163340682999999984e+02 3.999327360000000198e+01
1.162513249999999942e+02 4.010682680000000033e+01
1.163342607999999956e+02 3.999358699999999800e+01
1.163351646566392077e+02 3.999494241923956395e+01
1.163372408189735836e+02 4.002533561598612977e+01
1.131134337411151591e+02 2.938290406094751717e+01
1.165229229771533852e+02 3.988355906029284625e+01
1.165188433084108652e+02 4.068926237448446415e+01
1.163343999154070474e+02 3.999455946902646986e+01
1.161302294000000046e+02 3.990748270000000275e+01
1.163343999154070474e+02 3.999455946902646986e+01
1.163342276999999996e+02 3.999347190000000296e+01
1.163573081984610553e+02 3.987205322837938581e+01
1.155952136093537348e+02 3.963105392258820103e+01
1.163340543000000054e+02 3.999367459999999852e+01
1.163362163430778367e+02 4.002702364762421183e+01
1.163758499000000057e+02 3.994982370000000316e+01
1.164830316703792192e+02 4.029080376932534335e+01
1.161892158999999936e+02 4.009261399999999753e+01
1.184740316044672284e+02 3.137351712624097289e+01
1.165057559326448882e+02 4.033451416390598609e+01
1.163343999154070474e+02 3.999455946902646986e+01
1.163028545626800394e+02 3.999485773591621296e+01
1.162048182327007311e+02 4.007752376171229258e+01
1.163057923109884797e+02 4.001669484009765654e+01
1.163338988999999941e+02 3.999305129999999764e+01
1.163343999154070474e+02 3.999455946902646986e+01
1.163340242999999958e+02 3.999413460000000242e+01
1.163340342000000049e+02 3.999332549999999742e+01
1.162135213190129974e+02 4.010123207525057865e+01
1.166664216767628517e+02 4.067378182856143098e+01
1.167905736993141090e+02 3.979276010958263043e+01
1.131387979999999942e+02 2.934878519999999824e+01
1.163367693999999943e+02 4.002456120000000084e+01
1.163351646566392077e+02 3.999494241923956395e+01
1.163332070104820701e+02 3.999467163011534154e+01
1.155940246798605386e+02 3.963376719041154672e+01
1.162061796633436330e+02 4.007035713627939089e+01
1.126139854018052233e+02 3.772106333927263222e+01
1.161941828675473261e+02 4.010120606281440558e+01
1.162156366052365684e+02 4.009237076879934136e+01
1.163343999154070474e+02 3.999455946902646986e+01
1.161802517197088775e+02 4.009690932054669332e+01
1.163340773999999982e+02 3.999362159999999733e+01
1.163054346929637290e+02 3.996871099960305429e+01
1.162561499782858476e+02 3.989679543244326965e+01
1.165613967999999971e+02 4.033008809999999755e+01
1.163343999154070474e+02 3.999455946902646986e+01
1.164610464000000007e+02 3.990398689999999959e+01
1.164727910758142002e+02 4.035619410796569184e+01
1.166191524356567584e+02 4.070207927954506033e+01
1.163341235000000040e+02 3.999365569999999792e+01
1.163351646566392077e+02 3.999494241923956395e+01
1.163343308999999977e+02 3.999365910000000213e+01
1.162016614810723780e+02 4.008975204617205890e+01
1.163062204863866071e+02 4.013922422598012218e+01
1.165783695475668509e+02 4.035319829761310473e+01
1.163333828740183975e+02 3.999454989148483719e+01
1.163343999154070616e+02 3.999455946902646986e+01
1.163343999154070474e+02 3.999455946902646986e+01
1.162396327000000014e+02 4.010884740000000193e+01
1.184801708142952492e+02 3.132247531341967317e+01
1.165448691999999937e+02 4.038029410000000041e+01
1.156167328675250161e+02 4.024521795455417816e+01
1.163343780000000010e+02 3.999351320000000243e+01
1.163351646566392077e+02 3.999494241923956395e+01
1.163343999154070474e+02 3.999455946902646986e+01
1.166684489000000013e+02 4.029543999999999926e+01
1.163343999154070474e+02 3.999455946902646986e+01
1.161731466433641344e+02 3.967982426687596131e+01
1.130924072224797072e+02 2.928626770803104407e+01
1.163351646566392077e+02 3.999494241923956395e+01
1.163351646566392077e+02 3.999494241923956395e+01
1.162525690158843190e+02 4.010869728304205495e+01
1.166292447000000010e+02 4.043389640000000185e+01
1.160616692519411259e+02 4.046870523288458799e+01
1.130974568924960408e+02 2.932030969378185858e+01
1.163343999154070474e+02 3.999455946902646986e+01
1.200664138000000065e+02 3.027280719999999903e+01
1.163343999154070474e+02 3.999455946902646986e+01
1.104722131999999988e+02 3.487552730000000167e+01
1.163342918999999966e+02 3.999378209999999711e+01
1.163343999154070474e+02 3.999455946902646986e+01
1.163342518000000041e+02 3.999360099999999818e+01
1.163343999154070474e+02 3.999455946902646986e+01
1.166334374999999994e+02 4.042184939999999926e+01
1.165760393000000050e+02 3.977259829999999852e+01
1.167185494472653602e+02 3.990279654258056752e+01
1.164507104000000055e+02 4.041669809999999785e+01
1.202475046999999932e+02 3.137869510000000162e+01
1.131508484999999951e+02 2.934857239999999834e+01
1.131231498139520681e+02 2.938765226051347668e+01
1.163567268041407488e+02 4.004998896207504089e+01
1.164320845999999960e+02 4.015143989999999974e+01
1.170478598718857342e+02 4.011527040631398933e+01
1.166623958889413615e+02 4.047895054693433536e+01
1.185086357590123072e+02 3.136829979070539665e+01
1.172173151512514266e+02 4.033737709357474444e+01
1.169510231999999945e+02 4.044576800000000105e+01
1.161902085615760427e+02 4.008066197819541543e+01
1.161909234999999967e+02 4.007908499999999918e+01
1.185055558250805348e+02 3.135196740395901571e+01
1.166827181999999965e+02 4.046026289999999648e+01
1.166253355000000056e+02 4.017317539999999809e+01
1.163340031999999979e+02 3.999375750000000096e+01
1.167266597999999931e+02 3.989645289999999989e+01
1.163351646566392077e+02 3.999494241923956395e+01
1.164558743001587402e+02 4.035900330587475793e+01
1.164097686603839747e+02 3.983909641383076661e+01
1.163343999154070474e+02 3.999455946902646986e+01
1.163345714999999956e+02 3.999380459999999715e+01
1.165618165605118151e+02 4.032975937608985362e+01
1.165224972999999977e+02 3.958903610000000128e+01
1.163343999154070474e+02 3.999455946902646986e+01
1.166776592622322397e+02 4.065878990198865495e+01
1.163343861000000032e+02 3.999358519999999828e+01
1.163341094999999967e+02 3.999388669999999735e+01
1.163387546732027999e+02 3.990235519887369975e+01
1.163351646566392077e+02 3.999494241923956395e+01
1.163343999154070474e+02 3.999455946902646986e+01
1.184708986198222647e+02 3.137529194733002669e+01
1.163343999154070474e+02 3.999455946902646986e+01
1.163345373938825560e+02 3.999324360711950277e+01
1.165328530000000029e+02 3.976164829999999739e+01
1.131450016000000005e+02 2.934920779999999851e+01
1.163343999154070474e+02 3.999455946902646986e+01
1.163343999154070474e+02 3.999455946902646986e+01
1.143545905471399635e+02 3.061568516250351735e+01
1.163371181969019119e+02 3.990202018000977091e+01
1.163341164999999933e+02 3.999373669999999947e+01
1.161896933999999959e+02 4.009887259999999998e+01
1.184783008747312749e+02 3.132789162735366162e+01
1.126139854018052233e+02 3.772106333927263222e+01
1.163343999154070474e+02 3.999455946902646986e+01
1.163351646566392077e+02 3.999494241923956395e+01
1.161224837000000036e+02 3.973577459999999917e+01
1.184638262795581056e+02 3.138825053904407625e+01
1.163343999154070474e+02 3.999455946902646986e+01
1.161860578912422426e+02 4.010757281826838749e+01
1.184785936130525954e+02 3.136973294398527301e+01
1.163343550000000022e+02 3.999356920000000315e+01
1.201985944347753161e+02 3.007208273668586429e+01
1.163333828740183975e+02 3.999454989148483719e+01
1.163342808000000019e+02 3.999355599999999811e+01
1.161560257000000007e+02 4.009411089999999689e+01
1.163343999154070474e+02 3.999455946902646986e+01
1.163193655543926468e+02 4.040656601548764826e+01
1.165375896999999981e+02 4.015419020000000216e+01
1.184983266511342066e+02 3.134662011224064671e+01
1.163344091000000020e+02 3.999358529999999945e+01
1.201354534199258097e+02 3.254723831636784581e+01
1.163343999154070474e+02 3.999455946902646986e+01
1.164522532000000012e+02 3.997002559999999960e+01
1.163343999154070474e+02 3.999455946902646986e+01
1.162310683999999981e+02 4.009707879999999847e+01
1.163351646566392077e+02 3.999494241923956395e+01
1.158968043718909229e+02 3.957106929250125660e+01
1.162016614810723780e+02 4.008975204617205890e+01
1.163351646566392077e+02 3.999494241923956395e+01
1.165784206000000012e+02 4.035733570000000014e+01
1.163333828740183975e+02 3.999454989148483719e+01
1.166766350000000045e+02 4.039066470000000209e+01
1.163649544196871091e+02 4.036401719902366381e+01
1.122447670315684292e+02 3.029545657376295154e+01
1.165444505301764337e+02 4.038228691773493040e+01
1.163351646566392077e+02 3.999494241923956395e+01
1.164631646873432658e+02 3.953174881792879347e+01
1.165680907999999931e+02 4.032661480000000154e+01
1.163344402000000031e+02 3.999372629999999873e+01
1.159323834888788554e+02 4.043137200819074906e+01
1.165320267999999970e+02 3.990799450000000093e+01
1.162707568000000009e+02 4.000509300000000223e+01
1.168022076799189648e+02 4.056179846961175883e+01
1.166729373000000010e+02 4.038903009999999938e+01
1.160425269251315683e+02 4.046746849871203722e+01
1.169091044999999980e+02 3.976854929999999655e+01
1.163343999154070474e+02 3.999455946902646986e+01
1.163372796567766159e+02 4.003010047586239750e+01
1.166452545972089183e+02 4.041302267755495592e+01
1.163343999154070474e+02 3.999455946902646986e+01
1.170124986000000007e+02 4.005705919999999765e+01
1.184688691820857116e+02 3.138822123019250654e+01
1.168056587917970432e+02 4.056302220088658572e+01
1.163343999154070474e+02 3.999455946902646986e+01
1.099908653049973850e+02 2.438604167056891470e+01
1.163341705999999931e+02 3.999352480000000298e+01
1.163345373938825560e+02 3.999324360711950277e+01
1.163343999154070474e+02 3.999455946902646986e+01
1.103684242411761289e+02 3.484746180976404872e+01
1.163343999154070474e+02 3.999455946902646986e+01
1.126139854018052233e+02 3.772106333927263222e+01
1.126139854018052233e+02 3.772106333927263222e+01
1.163339299999999952e+02 3.999321429999999822e+01
1.063964591999999953e+02 2.980309169999999952e+01
1.166681557696720830e+02 4.028817043486110094e+01
1.166191524356567584e+02 4.070207927954506033e+01
1.184831390921117702e+02 3.135685310980566598e+01
1.163533594864141207e+02 4.002407234355026588e+01
1.163343999154070474e+02 3.999455946902646986e+01
1.163344151999999951e+02 3.999378829999999851e+01
1.130809611555920782e+02 2.932813899756989429e+01
1.185268867998626234e+02 3.135547808704551898e+01
1.166675400660843422e+02 4.013588584780887203e+01
1.161815914731047457e+02 4.057663822038254153e+01
1.163351646566392077e+02 3.999494241923956395e+01
1.166611401674859110e+02 4.028661219361882218e+01
1.163344823000000048e+02 3.999363739999999723e+01
1.163343999154070474e+02 3.999455946902646986e+01
1.161961289626914180e+02 4.008692317520342385e+01
1.166363647000000014e+02 4.002933300000000116e+01
1.163351646566392077e+02 3.999494241923956395e+01
1.165057559326448882e+02 4.033451416390598609e+01
1.165607763999999946e+02 3.985146480000000224e+01
1.166196029999999979e+02 3.977755599999999703e+01
1.167044632000000064e+02 3.983302170000000331e+01
1.163343999154070474e+02 3.999455946902646986e+01
1.167282913180604567e+02 3.955903420406616533e+01
1.168427448000000055e+02 4.035151119999999736e+01
1.163344282000000049e+02 3.999359929999999963e+01
1.165942098958726376e+02 3.984326503986959978e+01
1.171147198242653786e+02 4.060079782501191659e+01
1.165132468000000046e+02 4.034559250000000219e+01
1.167839043999999973e+02 3.988837740000000309e+01
1.162026862164867538e+02 4.006889020570739746e+01
1.162355792000000037e+02 4.010578679999999707e+01
1.162585855820163800e+02 4.009909115863264617e+01
1.163333828740183975e+02 3.999454989148483719e+01
1.161832849999999979e+02 4.010354679999999661e+01
1.066051503230874857e+02 2.962179222235571885e+01
1.163351646566392077e+02 3.999494241923956395e+01
1.163350997000000007e+02 3.999321559999999920e+01
1.163343689999999953e+02 3.999356120000000203e+01
1.164201029999999975e+02 4.034962300000000113e+01
1.163332070104820701e+02 3.999467163011534154e+01
1.164921829238327575e+02 4.028434838239127203e+01
1.162737348614416391e+02 4.004986542287576867e+01
1.167812876999999929e+02 3.994702939999999813e+01
1.163343999154070474e+02 3.999455946902646986e+01
1.165589528768985588e+02 4.031769183096840692e+01
1.164393198000000069e+02 4.044293640000000067e+01
1.163343999154070474e+02 3.999455946902646986e+01
1.163345173999999957e+02 3.999368549999999800e+01
1.165449052999999964e+02 4.033345789999999909e+01
1.163340653000000060e+02 3.999358860000000249e+01
1.162003440843174360e+02 4.008279576551782952e+01
1.163343999154070474e+02 3.999455946902646986e+01
1.094365503085156774e+02 2.433540495691066496e+01
1.166434332999999981e+02 3.999638310000000274e+01
1.160970008999999976e+02 3.994493820000000284e+01
1.163345373938825560e+02 3.999324360711950277e+01
1.163343999154070474e+02 3.999455946902646986e+01
1.163015197132428113e+02 4.001587176798707901e+01
1.163509438231953652e+02 4.002753574294860073e+01
1.163343999154070474e+02 3.999455946902646986e+01
1.163343999154070474e+02 3.999455946902646986e+01
1.163351646566392077e+02 3.999494241923956395e+01
1.131182992872928423e+02 2.937773359596206291e+01
1.163439366000000064e+02 3.994356640000000169e+01
1.172549446635562731e+02 4.024713876694323034e+01
1.163689290372879839e+02 3.994781965858266659e+01
1.163603944999999982e+02 4.037076640000000083e+01
1.163343999154070474e+02 3.999455946902646986e+01
1.163951814046109092e+02 4.004945220697191388e+01
1.163351646566392077e+02 3.999494241923956395e+01
1.164491239489011321e+02 4.041921326686410509e+01
1.163343999154070474e+02 3.999455946902646986e+01
1.126139854018052233e+02 3.772106333927263222e+01
1.163343999154070474e+02 3.999455946902646986e+01
1.163343999154070474e+02 3.999455946902646986e+01
1.163333828740183975e+02 3.999454989148483719e+01
1.166361933999999962e+02 4.003022779999999869e+01
1.164451191999999935e+02 3.988112929999999778e+01
1.160241278655079924e+02 4.045479018063562648e+01
1.126139854018052233e+02 3.772106333927263222e+01
1.159873620999999986e+02 4.045537790000000200e+01
1.163340041999999954e+02 3.999349050000000005e+01
1.163351646566392077e+02 3.999494241923956395e+01
1.184780453773793454e+02 3.136114866802008194e+01
1.163343999154070474e+02 3.999455946902646986e+01
1.163343279000000052e+02 3.999348410000000342e+01
1.164278681263900665e+02 3.995065450116767636e+01
1.163340943999999979e+02 3.999366069999999951e+01
1.163478848832169774e+02 4.002395561752694420e+01
1.163351646566392077e+02 3.999494241923956395e+01
1.163343999154070474e+02 3.999455946902646986e+01
1.165447901999999942e+02 4.070400180000000034e+01
1.163343999154070474e+02 3.999455946902646986e+01
1.184750201335757254e+02 3.137321879591319629e+01
1.163343999154070474e+02 3.999455946902646986e+01
1.163343999154070474e+02 3.999455946902646986e+01
1.162959737000000047e+02 4.012562760000000139e+01
1.094365503085156774e+02 2.433540495691066496e+01
1.163351646566392077e+02 3.999494241923956395e+01
1.163343999154070474e+02 3.999455946902646986e+01
1.126139854018052233e+02 3.772106333927263222e+01
1.163343999154070474e+02 3.999455946902646986e+01
1.161973566000000062e+02 4.010592249999999837e+01
1.163340974000000045e+02 3.999339270000000113e+01
1.164673004999999932e+02 4.008231889999999709e+01
1.162366338000000070e+02 4.010525400000000218e+01
1.162106604950084687e+02 4.005197762189629174e+01
1.162656518000000005e+02 4.013861430000000041e+01
1.164631137662938443e+02 4.068428443480744505e+01
1.126139854018052233e+02 3.772106333927263222e+01
1.163343689999999953e+02 3.999361019999999911e+01
1.163343999154070616e+02 3.999455946902646986e+01
1.184929146414513355e+02 3.134862054158642408e+01
1.131457429453488857e+02 2.935004449929174442e+01
1.170265806999999967e+02 4.063319039999999660e+01
1.163197463000000056e+02 4.011362950000000183e+01
1.163345453999999961e+02 3.999345550000000316e+01
1.163351646566392077e+02 3.999494241923956395e+01
1.163343999154070474e+02 3.999455946902646986e+01
1.164682458000000054e+02 4.012397390000000286e+01
1.126139854018052233e+02 3.772106333927263222e+01
1.163343999154070474e+02 3.999455946902646986e+01
1.167306686000000013e+02 4.018936599999999970e+01
1.163343999154070474e+02 3.999455946902646986e+01
1.163343999154070474e+02 3.999455946902646986e+01
1.201985944347753161e+02 3.007208273668586429e+01
1.163351646566392077e+02 3.999494241923956395e+01
1.163343999154070474e+02 3.999455946902646986e+01
1.163344201000000027e+02 3.999360630000000327e+01
1.163343999154070474e+02 3.999455946902646986e+01
1.165188433084108652e+02 4.068926237448446415e+01
1.184744754187485967e+02 3.132034984431990665e+01
1.164346261286979285e+02 3.994948036356042564e+01
1.162104518000000013e+02 4.011128169999999926e+01
1.161613651909243430e+02 4.012927642782744897e+01
1.163611215473334539e+02 4.004169130323521131e+01
1.162522524999999973e+02 4.010650069999999801e+01
1.131264131631287171e+02 2.939135378151691569e+01
1.170767907000000037e+02 4.013962990000000275e+01
1.164932115999999951e+02 3.995913960000000031e+01
1.163372102070960068e+02 4.002514481355682108e+01
1.162053602666347984e+02 4.009077987172091184e+01
1.160169331887332618e+02 4.046286338575609420e+01
1.131160994244513915e+02 2.933835877022553262e+01
1.162367615999999941e+02 4.010514390000000162e+01
1.163343999154070474e+02 3.999455946902646986e+01
1.164374611816007103e+02 3.990140209193749143e+01
1.160085578777167825e+02 4.046275802964053270e+01
1.163345373938825560e+02 3.999324360711950277e+01
1.121593902193618106e+02 3.193688554892497677e+01
1.162360216000000008e+02 4.010555049999999966e+01
1.163341826000000054e+02 3.999334480000000269e+01
1.163343999154070474e+02 3.999455946902646986e+01
1.158910115999999988e+02 4.045206139999999806e+01
1.184967381508043616e+02 3.134846416826763615e+01
1.165117687000000046e+02 4.034721340000000112e+01
1.163343999154070474e+02 3.999455946902646986e+01
1.166738025994305872e+02 3.992165624465409479e+01
1.163342377000000027e+02 3.999375799999999970e+01
1.163333828740183975e+02 3.999454989148483719e+01
1.126139854018052233e+02 3.772106333927263222e+01
1.163351646566392077e+02 3.999494241923956395e+01
1.163341625000000050e+02 3.999348880000000150e+01
1.173007245715885460e+02 4.018039175636673122e+01
1.162397996469630925e+02 4.010844231346140987e+01
1.163332070104820701e+02 3.999467163011534154e+01
1.161930321182750845e+02 4.008682566077845877e+01
1.163343999154070474e+02 3.999455946902646986e+01
1.173050898999999987e+02 4.018312180000000211e+01
1.167448759310148318e+02 4.063261388617394942e+01
1.164503662999999989e+02 4.041724090000000302e+01
1.162450410999999946e+02 4.010532140000000112e+01
1.131100770379876508e+02 2.938081158160471063e+01
1.163343999154070474e+02 3.999455946902646986e+01
1.163343999154070474e+02 3.999455946902646986e+01
1.131152410880624331e+02 2.937864745191492943e+01
1.163343999154070474e+02 3.999455946902646986e+01
1.162990819133377016e+02 3.995555910666886490e+01
1.161016563999999960e+02 3.996177699999999788e+01
1.173871449375661484e+02 4.064104751269815097e+01
1.163333828740183975e+02 3.999454989148483719e+01
1.185022273766102785e+02 3.136130741006228106e+01
1.163343999154070474e+02 3.999455946902646986e+01
1.164054127999999935e+02 3.989424809999999866e+01
1.163343999154070474e+02 3.999455946902646986e+01
1.184552566276064312e+02 3.135602712605930620e+01
1.163343999154070474e+02 3.999455946902646986e+01
1.163343999154070474e+02 3.999455946902646986e+01
1.163343999154070474e+02 3.999455946902646986e+01
1.185066879686558678e+02 3.134723981993528241e+01
1.163343999154070474e+02 3.999455946902646986e+01
1.163343999154070474e+02 3.999455946902646986e+01
1.163343999154070474e+02 3.999455946902646986e+01
1.163343999154070474e+02 3.999455946902646986e+01
1.163345003000000020e+02 3.999361749999999915e+01
1.158805969024461291e+02 4.040367574190537425e+01
1.163729057221498522e+02 4.002915417324946645e+01
1.166579547000000048e+02 4.041018679999999819e+01
1.163351646566392077e+02 3.999494241923956395e+01
1.131562476903309999e+02 2.935945944915207662e+01
1.163343999154070474e+02 3.999455946902646986e+01
1.163343999154070474e+02 3.999455946902646986e+01
1.131112747212993099e+02 2.938027306808708516e+01
1.163351646566392077e+02 3.999494241923956395e+01
1.163343999154070474e+02 3.999455946902646986e+01
1.096914351000000067e+02 2.444040269999999992e+01
1.184758239259912784e+02 3.134860400122322233e+01
1.126139854018052233e+02 3.772106333927263222e+01
1.165368057093472203e+02 4.006549763789435303e+01
1.167215120260162138e+02 4.011676621490768468e+01
1.162497197999999941e+02 4.010621710000000206e+01
1.163343999154070474e+02 3.999455946902646986e+01
1.163343999154070474e+02 3.999455946902646986e+01
1.163343890999999957e+02 3.999355220000000344e+01
1.163344833000000023e+02 3.999347039999999964e+01
1.164724566000000010e+02 3.977102589999999793e+01
1.163343999154070474e+02 3.999455946902646986e+01
1.159258471703797397e+02 4.042582844319890967e+01
1.163351646566392077e+02 3.999494241923956395e+01
1.163753518000000042e+02 3.994749099999999942e+01
1.184565730144785363e+02 3.135604158349248038e+01
1.161988251469109912e+02 4.010650842654629145e+01
1.165150275999999963e+02 4.010383410000000026e+01
1.163351646566392077e+02 3.999494241923956395e+01
1.163351646566392077e+02 3.999494241923956395e+01
1.167282913180604567e+02 3.955903420406616533e+01
1.166254251627227347e+02 4.070876462869881607e+01
1.163583052999999978e+02 3.986189050000000123e+01
1.163343310000000059e+02 3.999381809999999859e+01
1.170456103000000070e+02 4.039879040000000288e+01
1.167078091000000057e+02 4.016738490000000183e+01
1.163351646566392077e+02 3.999494241923956395e+01
1.200331638077480250e+02 3.585065457158505353e+01
1.166077144000000061e+02 4.030551530000000326e+01
1.104331774999999993e+02 3.487929960000000307e+01
1.163343999154070474e+02 3.999455946902646986e+01
1.163343999154070474e+02 3.999455946902646986e+01
1.165529358999999943e+02 4.037532620000000350e+01
1.163175651344032531e+02 4.001648235847189738e+01
1.158755026000000043e+02 4.040840039999999789e+01
1.163340141999999986e+02 3.999360649999999850e+01
1.164727910758142002e+02 4.035619410796569184e+01
1.163341144000000043e+02 3.999339570000000066e+01
1.163343999154070474e+02 3.999455946902646986e+01
1.163343999154070474e+02 3.999455946902646986e+01
1.160872713972049866e+02 4.049487061960741840e+01
1.126139854018052233e+02 3.772106333927263222e+01
1.163343289000000027e+02 3.999346909999999866e+01
1.130935466355897887e+02 2.930568079751783728e+01
1.158215161554724943e+02 4.049532203923062923e+01
1.163343999154070474e+02 3.999455946902646986e+01
1.163343999154070474e+02 3.999455946902646986e+01
1.103436375589166545e+02 3.482527104058157619e+01
1.136284260975637324e+02 3.925934719617384872e+01
1.126139854018052233e+02 3.772106333927263222e+01
1.163007759812163897e+02 3.999665136429796775e+01
1.165454570821191282e+02 4.070473097314346944e+01
1.163343999154070474e+02 3.999455946902646986e+01
1.130868886048215813e+02 2.932046432969256955e+01
1.200309765023364150e+02 3.585045778667998917e+01
1.163343999154070474e+02 3.999455946902646986e+01
1.163351646566392077e+02 3.999494241923956395e+01
1.163468065107991833e+02 3.990130984148731841e+01
1.162672345999999948e+02 4.013423749999999757e+01
1.165800514999999962e+02 4.034808019999999829e+01
1.163401348537251465e+02 3.987137718561204025e+01
1.163343999154070474e+02 3.999455946902646986e+01
1.163343999154070474e+02 3.999455946902646986e+01
1.184971277086415711e+02 3.136941243421762238e+01
1.166234943175595618e+02 3.985859261864180070e+01
1.163344131000000061e+02 3.999354629999999844e+01
1.165883108204703689e+02 4.043132973052665591e+01
1.163343529999999930e+02 3.999364020000000153e+01
1.163343999154070474e+02 3.999455946902646986e+01
1.160838954999999970e+02 4.000179709999999744e+01
1.163343999154070474e+02 3.999455946902646986e+01
1.164558660000000003e+02 4.041341100000000353e+01
1.163333828740183975e+02 3.999454989148483719e+01
1.167282913180604567e+02 3.955903420406616533e+01
1.163783075999999994e+02 3.987235830000000192e+01
1.163351646566392077e+02 3.999494241923956395e+01
1.161647162000000009e+02 4.017189710000000247e+01
1.126139854018052233e+02 3.772106333927263222e+01
1.162215469318776826e+02 4.004614150044120890e+01
1.163351646566392077e+02 3.999494241923956395e+01
1.166191524356567584e+02 4.070207927954506033e+01
1.156635390694219296e+02 3.997041715533976003e+01
1.161930643999999972e+02 3.975196720000000283e+01
1.099614794999999958e+02 2.447639639999999872e+01
1.131081472773748828e+02 2.938640180554612513e+01
1.162749023536909760e+02 4.004556684466946592e+01
1.163343999154070616e+02 3.999455946902646986e+01
1.167759520999999978e+02 3.979826039999999665e+01
1.162721644908280325e+02 4.024950180985227632e+01
1.166313738941409213e+02 4.043150506834045643e+01
1.166933101999999991e+02 3.961610739999999709e+01
1.063988904575206362e+02 2.980318476346532819e+01
1.097367074999999943e+02 2.444038520000000148e+01
1.163351646566392077e+02 3.999494241923956395e+01
1.165230669000000034e+02 3.974139449999999840e+01
1.131566935999999970e+02 2.937162149999999983e+01
1.163351646566392077e+02 3.999494241923956395e+01
1.165360620000000011e+02 4.042001630000000034e+01
1.164413134091200419e+02 3.983095841732954057e+01
1.161800939000000028e+02 4.009468710000000158e+01
1.162127159584060365e+02 4.011370445618263858e+01
1.171596751000000012e+02 4.024874810000000025e+01
1.163343999154070474e+02 3.999455946902646986e+01
1.163342037000000033e+02 3.999365190000000325e+01
1.162130080999999961e+02 4.011172400000000238e+01
1.163351646566392077e+02 3.999494241923956395e+01
1.166979142999999937e+02 4.011597919999999817e+01
1.161868074556335841e+02 4.007894005052740027e+01
1.163343999154070474e+02 3.999455946902646986e+01
1.162366142000000053e+02 4.010854630000000043e+01
1.163289340999999979e+02 4.002159499999999781e+01
1.163333828740183975e+02 3.999454989148483719e+01
1.163343999154070474e+02 3.999455946902646986e+01
1.163972734679556424e+02 3.987308066740239809e+01
1.163975169999999935e+02 4.000930639999999983e+01
1.164346060562362055e+02 4.014971836301211283e+01
1.163343999154070474e+02 3.999455946902646986e+01
1.163343999154070474e+02 3.999455946902646986e+01
1.164579528675359654e+02 4.007264735544736567e+01
1.163343999154070474e+02 3.999455946902646986e+01
1.163025710999999944e+02 4.041360259999999727e+01
1.163343999154070474e+02 3.999455946902646986e+01
1.184761360676703248e+02 3.135275875194471240e+01
1.165842514766953570e+02 4.034002419151039476e+01
1.166991479999999939e+02 4.068125859999999960e+01
1.163351646566392077e+02 3.999494241923956395e+01
1.097784551515994451e+02 2.445027778390317863e+01
1.171396209091474816e+02 4.058596625204037878e+01
1.163343999154070474e+02 3.999455946902646986e+01
1.097001376999999991e+02 2.444224469999999982e+01
1.165573229999999967e+02 4.036049049999999738e+01
1.164033572878581424e+02 4.035461742497389537e+01
1.163887330657489088e+02 4.001860050536496516e+01
1.163342588000000006e+02 3.999358800000000258e+01
1.162609579584657951e+02 4.009788601265792352e+01
1.163343999154070474e+02 3.999455946902646986e+01
1.163343999154070474e+02 3.999455946902646986e+01
1.163343999154070474e+02 3.999455946902646986e+01
1.184667527069085509e+02 3.136570721400649830e+01
1.163351646566392077e+02 3.999494241923956395e+01
1.163775045999999946e+02 3.997601780000000105e+01
1.115479506989453000e+02 3.030212904270224428e+01
1.163351646566392077e+02 3.999494241923956395e+01
1.163343999154070474e+02 3.999455946902646986e+01
1.166658840000000055e+02 4.027328529999999773e+01
1.166470822883313190e+02 4.041339944846431820e+01
1.162317071451856663e+02 4.004408623647500320e+01
1.162073285999999968e+02 3.994078360000000316e+01
1.200602963999999986e+02 3.025410989999999956e+01
1.165839926000000020e+02 3.996575630000000245e+01
1.163343930999999998e+02 3.999384729999999877e+01
1.163343999154070474e+02 3.999455946902646986e+01
1.165620962999999932e+02 4.032992469999999940e+01
1.163351646566392077e+02 3.999494241923956395e+01
1.002333947000000052e+02 2.687667240000000035e+01
1.164846278880075943e+02 4.034890072856517662e+01
1.162003440843174218e+02 4.008279576551782952e+01
1.166854641744933190e+02 4.036153361820835528e+01
1.166631236999999999e+02 3.993455949999999888e+01
1.166839951448405799e+02 4.036145451560772557e+01
1.163343999154070474e+02 3.999455946902646986e+01
1.163351646566392077e+02 3.999494241923956395e+01
1.163343999154070474e+02 3.999455946902646986e+01
1.163343999154070474e+02 3.999455946902646986e+01
1.163343999154070474e+02 3.999455946902646986e+01
1.162052964811162923e+02 4.006779871770996948e+01
1.163351646566392077e+02 3.999494241923956395e+01
1.163351646566392077e+02 3.999494241923956395e+01
1.166252868402780365e+02 4.033453157669020328e+01
1.163046228810742235e+02 4.001684556439085583e+01
1.163332070104820701e+02 3.999467163011534154e+01
1.163343999154070474e+02 3.999455946902646986e+01
1.163342157000000014e+02 3.999354189999999676e+01
1.164576924291528570e+02 4.011863366824972843e+01
1.163872630000000044e+02 3.992294989999999899e+01
1.074441701137516958e+02 2.977681259457447283e+01
1.167148452999999932e+02 3.984367430000000354e+01
1.161884668317276805e+02 4.008520496119666632e+01
1.185086357590123072e+02 3.136829979070539665e+01
1.161924461973211464e+02 4.008641469669692725e+01
1.161727556999999962e+02 3.997677769999999953e+01
1.184987673953882563e+02 3.134521069219105982e+01
1.163517311048656921e+02 4.002551909026060883e+01
1.163343999154070474e+02 3.999455946902646986e+01
1.163584164225722333e+02 4.005037714738279675e+01
1.163343999154070474e+02 3.999455946902646986e+01
1.163351646566392077e+02 3.999494241923956395e+01
1.131191609769323350e+02 2.937725977690177714e+01
1.162909517227930110e+02 4.001435789495534578e+01
1.161841788958324599e+02 4.064135839243718351e+01
1.163343999154070474e+02 3.999455946902646986e+01
1.163343999154070474e+02 3.999455946902646986e+01
1.163343999154070474e+02 3.999455946902646986e+01
1.002332836985026745e+02 2.687987414630977412e+01
1.184874053476124658e+02 3.137114867005360352e+01
1.163343999154070474e+02 3.999455946902646986e+01
1.163333828740183975e+02 3.999454989148483719e+01
1.165255579736594314e+02 4.065068854612403015e+01
1.163149755000000027e+02 3.989325190000000276e+01
1.163351646566392077e+02 3.999494241923956395e+01
1.131552204741181100e+02 2.937064869577076820e+01
1.163343999154070474e+02 3.999455946902646986e+01
1.166216963160402855e+02 4.070389053063862406e+01
1.131006391013578707e+02 2.931009189338566401e+01
1.163344572000000028e+02 3.999358240000000109e+01
1.163351646566392077e+02 3.999494241923956395e+01
1.163343999154070474e+02 3.999455946902646986e+01
1.163341144000000043e+02 3.999336370000000329e+01
1.163351646566392077e+02 3.999494241923956395e+01
1.163343999154070474e+02 3.999455946902646986e+01
1.163351646566392077e+02 3.999494241923956395e+01
1.163343999154070474e+02 3.999455946902646986e+01
1.163351646566392077e+02 3.999494241923956395e+01
1.163333828740183975e+02 3.999454989148483719e+01
1.163343999154070474e+02 3.999455946902646986e+01
1.163343999154070474e+02 3.999455946902646986e+01
1.166762572964660478e+02 4.040286956262957574e+01
1.162666905811494473e+02 4.011621889876905556e+01
1.131556858000000005e+02 2.936434889999999953e+01
1.163343999154070474e+02 3.999455946902646986e+01
1.163351646566392077e+02 3.999494241923956395e+01
1.163343999154070474e+02 3.999455946902646986e+01
1.164981002925518254e+02 4.007599796335438214e+01
1.163343999154070474e+02 3.999455946902646986e+01
1.166802828000000005e+02 4.066271429999999754e+01
1.131156002084633769e+02 2.938604058452468237e+01
1.163332070104820701e+02 3.999467163011534154e+01
1.163341415000000012e+02 3.999337680000000006e+01
1.163351646566392077e+02 3.999494241923956395e+01
1.126139854018052233e+02 3.772106333927263222e+01
1.160220487541703704e+02 4.053688815496610687e+01
1.163343999154070474e+02 3.999455946902646986e+01
1.163343999154070474e+02 3.999455946902646986e+01
1.131061705725729638e+02 2.938082941493293987e+01
1.163343999154070474e+02 3.999455946902646986e+01
1.166779175856433426e+02 4.003503407027734795e+01
1.163351646566392077e+02 3.999494241923956395e+01
1.164790617999999967e+02 3.994959529999999859e+01
1.167282913180604567e+02 3.955903420406616533e+01
1.165858414692649490e+02 4.068230304177949108e+01
1.163302029202152426e+02 3.994294034788659786e+01
1.162624513500263532e+02 4.014294948425121845e+01
1.162220607000000001e+02 3.984238460000000259e+01
1.161315867139194751e+02 4.011521198362112983e+01
1.163345373938825560e+02 3.999324360711950277e+01
1.163343999154070616e+02 3.999455946902646986e+01
1.164963307000000015e+02 4.033790199999999970e+01
1.162749023536909760e+02 4.004556684466946592e+01
1.163343999154070474e+02 3.999455946902646986e+01
1.163351646566392077e+02 3.999494241923956395e+01
1.163343999154070474e+02 3.999455946902646986e+01
1.163343999154070474e+02 3.999455946902646986e+01
1.163351646566392077e+02 3.999494241923956395e+01
1.163343999154070474e+02 3.999455946902646986e+01
1.163343999154070474e+02 3.999455946902646986e+01
1.163351646566392077e+02 3.999494241923956395e+01
1.163286145866355099e+02 4.002101594070722257e+01
1.163645597000000009e+02 4.002833199999999891e+01
1.163586734996967778e+02 4.002799179070907343e+01
1.163586734996967778e+02 4.002799179070907343e+01
1.163305947626414536e+02 4.001829971182042556e+01
1.163351646566392077e+02 3.999494241923956395e+01
1.163343999154070474e+02 3.999455946902646986e+01
1.163343999154070474e+02 3.999455946902646986e+01
1.163343999154070474e+02 3.999455946902646986e+01
1.163343999154070474e+02 3.999455946902646986e+01
1.163343999154070474e+02 3.999455946902646986e+01
1.163343999154070474e+02 3.999455946902646986e+01
1.163351646566392077e+02 3.999494241923956395e+01
1.163343999154070474e+02 3.999455946902646986e+01
1.163343999154070474e+02 3.999455946902646986e+01
1.163343999154070474e+02 3.999455946902646986e+01
1.163343999154070474e+02 3.999455946902646986e+01
1.163343999154070474e+02 3.999455946902646986e+01
1.163351646566392077e+02 3.999494241923956395e+01
1.163343999154070474e+02 3.999455946902646986e+01
1.163343999154070474e+02 3.999455946902646986e+01
1.163351646566392077e+02 3.999494241923956395e+01
1.163343999154070474e+02 3.999455946902646986e+01
1.163343999154070474e+02 3.999455946902646986e+01
1.163343999154070474e+02 3.999455946902646986e+01
1.163351646566392077e+02 3.999494241923956395e+01
1.163343999154070474e+02 3.999455946902646986e+01
1.163343770000000035e+02 3.999361119999999659e+01
1.163351646566392077e+02 3.999494241923956395e+01
1.163343999154070474e+02 3.999455946902646986e+01
1.163343999154070474e+02 3.999455946902646986e+01
1.163343999154070474e+02 3.999455946902646986e+01
1.163345373938825560e+02 3.999324360711950277e+01
1.163351646566392077e+02 3.999494241923956395e+01
1.163351646566392077e+02 3.999494241923956395e+01
1.163343999154070474e+02 3.999455946902646986e+01
1.163343999154070474e+02 3.999455946902646986e+01
1.163343999154070474e+02 3.999455946902646986e+01
1.163343999154070474e+02 3.999455946902646986e+01
1.163343999154070474e+02 3.999455946902646986e+01
1.163351646566392077e+02 3.999494241923956395e+01
1.163343999154070474e+02 3.999455946902646986e+01
1.163351646566392077e+02 3.999494241923956395e+01
1.163343999154070474e+02 3.999455946902646986e+01
1.163351646566392077e+02 3.999494241923956395e+01
1.163351646566392077e+02 3.999494241923956395e+01
1.163351646566392077e+02 3.999494241923956395e+01
1.163351646566392077e+02 3.999494241923956395e+01
